{
 "cells": [
  {
   "cell_type": "code",
   "execution_count": 1,
   "id": "00891197-ff1f-47cf-b5aa-124285dd3951",
   "metadata": {},
   "outputs": [],
   "source": [
    "import matplotlib.pyplot as plt\n",
    "import numpy as np\n",
    "import seaborn as sns\n",
    "import pandas as pd"
   ]
  },
  {
   "cell_type": "markdown",
   "id": "2ce8967a-c6ae-43c7-a8d2-a23309c9fb35",
   "metadata": {},
   "source": [
    "# Phos vs Temp"
   ]
  },
  {
   "cell_type": "markdown",
   "id": "c69710a3-9e7e-4c15-bede-c2ebbd925604",
   "metadata": {},
   "source": [
    "## Maxium"
   ]
  },
  {
   "cell_type": "code",
   "execution_count": 6,
   "id": "86f60c6e-4fa6-41ca-847c-9b749f8a9e33",
   "metadata": {},
   "outputs": [],
   "source": [
    "Max_data= pd.read_csv('Max_heatmap_data.csv')"
   ]
  },
  {
   "cell_type": "code",
   "execution_count": 10,
   "id": "aa5bc454-26c3-48ff-882b-c70694e6d866",
   "metadata": {},
   "outputs": [
    {
     "data": {
      "text/html": [
       "<div>\n",
       "<style scoped>\n",
       "    .dataframe tbody tr th:only-of-type {\n",
       "        vertical-align: middle;\n",
       "    }\n",
       "\n",
       "    .dataframe tbody tr th {\n",
       "        vertical-align: top;\n",
       "    }\n",
       "\n",
       "    .dataframe thead th {\n",
       "        text-align: right;\n",
       "    }\n",
       "</style>\n",
       "<table border=\"1\" class=\"dataframe\">\n",
       "  <thead>\n",
       "    <tr style=\"text-align: right;\">\n",
       "      <th></th>\n",
       "      <th>Unnamed: 0</th>\n",
       "      <th>0.1</th>\n",
       "      <th>0.105</th>\n",
       "      <th>0.11</th>\n",
       "      <th>0.115</th>\n",
       "      <th>0.12</th>\n",
       "      <th>0.125</th>\n",
       "      <th>0.13</th>\n",
       "      <th>0.135</th>\n",
       "      <th>0.14</th>\n",
       "      <th>...</th>\n",
       "      <th>0.755</th>\n",
       "      <th>0.76</th>\n",
       "      <th>0.765</th>\n",
       "      <th>0.77</th>\n",
       "      <th>0.775</th>\n",
       "      <th>0.78</th>\n",
       "      <th>0.785</th>\n",
       "      <th>0.79</th>\n",
       "      <th>0.795</th>\n",
       "      <th>0.8</th>\n",
       "    </tr>\n",
       "  </thead>\n",
       "  <tbody>\n",
       "    <tr>\n",
       "      <th>0</th>\n",
       "      <td>0.00</td>\n",
       "      <td>5.483841</td>\n",
       "      <td>5.620088</td>\n",
       "      <td>5.754797</td>\n",
       "      <td>5.887965</td>\n",
       "      <td>6.019552</td>\n",
       "      <td>6.149506</td>\n",
       "      <td>6.277801</td>\n",
       "      <td>6.404412</td>\n",
       "      <td>6.529308</td>\n",
       "      <td>...</td>\n",
       "      <td>13.262010</td>\n",
       "      <td>13.267157</td>\n",
       "      <td>13.271315</td>\n",
       "      <td>13.274428</td>\n",
       "      <td>13.276461</td>\n",
       "      <td>13.277527</td>\n",
       "      <td>13.278110</td>\n",
       "      <td>13.278222</td>\n",
       "      <td>13.278265</td>\n",
       "      <td>13.278306</td>\n",
       "    </tr>\n",
       "    <tr>\n",
       "      <th>1</th>\n",
       "      <td>0.02</td>\n",
       "      <td>5.522428</td>\n",
       "      <td>5.659564</td>\n",
       "      <td>5.795239</td>\n",
       "      <td>5.929353</td>\n",
       "      <td>6.061845</td>\n",
       "      <td>6.192695</td>\n",
       "      <td>6.321902</td>\n",
       "      <td>6.449436</td>\n",
       "      <td>6.575278</td>\n",
       "      <td>...</td>\n",
       "      <td>13.372224</td>\n",
       "      <td>13.377514</td>\n",
       "      <td>13.381816</td>\n",
       "      <td>13.385088</td>\n",
       "      <td>13.387799</td>\n",
       "      <td>13.389760</td>\n",
       "      <td>13.390536</td>\n",
       "      <td>13.390683</td>\n",
       "      <td>13.390774</td>\n",
       "      <td>13.390805</td>\n",
       "    </tr>\n",
       "    <tr>\n",
       "      <th>2</th>\n",
       "      <td>0.04</td>\n",
       "      <td>5.561438</td>\n",
       "      <td>5.699867</td>\n",
       "      <td>5.836744</td>\n",
       "      <td>5.972029</td>\n",
       "      <td>6.105798</td>\n",
       "      <td>6.237915</td>\n",
       "      <td>6.368355</td>\n",
       "      <td>6.497091</td>\n",
       "      <td>6.624122</td>\n",
       "      <td>...</td>\n",
       "      <td>13.514241</td>\n",
       "      <td>13.520198</td>\n",
       "      <td>13.525213</td>\n",
       "      <td>13.529188</td>\n",
       "      <td>13.532136</td>\n",
       "      <td>13.534155</td>\n",
       "      <td>13.535727</td>\n",
       "      <td>13.536183</td>\n",
       "      <td>13.536303</td>\n",
       "      <td>13.536350</td>\n",
       "    </tr>\n",
       "    <tr>\n",
       "      <th>3</th>\n",
       "      <td>0.06</td>\n",
       "      <td>5.600449</td>\n",
       "      <td>5.740066</td>\n",
       "      <td>5.878140</td>\n",
       "      <td>6.014735</td>\n",
       "      <td>6.149704</td>\n",
       "      <td>6.283029</td>\n",
       "      <td>6.414708</td>\n",
       "      <td>6.544686</td>\n",
       "      <td>6.672951</td>\n",
       "      <td>...</td>\n",
       "      <td>13.655917</td>\n",
       "      <td>13.662001</td>\n",
       "      <td>13.667608</td>\n",
       "      <td>13.672281</td>\n",
       "      <td>13.675949</td>\n",
       "      <td>13.678559</td>\n",
       "      <td>13.680005</td>\n",
       "      <td>13.680955</td>\n",
       "      <td>13.681199</td>\n",
       "      <td>13.681293</td>\n",
       "    </tr>\n",
       "    <tr>\n",
       "      <th>4</th>\n",
       "      <td>0.08</td>\n",
       "      <td>5.639394</td>\n",
       "      <td>5.780198</td>\n",
       "      <td>5.919546</td>\n",
       "      <td>6.057346</td>\n",
       "      <td>6.193527</td>\n",
       "      <td>6.328074</td>\n",
       "      <td>6.460962</td>\n",
       "      <td>6.592162</td>\n",
       "      <td>6.721661</td>\n",
       "      <td>...</td>\n",
       "      <td>13.797211</td>\n",
       "      <td>13.803655</td>\n",
       "      <td>13.809113</td>\n",
       "      <td>13.814464</td>\n",
       "      <td>13.818779</td>\n",
       "      <td>13.822103</td>\n",
       "      <td>13.824298</td>\n",
       "      <td>13.825372</td>\n",
       "      <td>13.825602</td>\n",
       "      <td>13.825671</td>\n",
       "    </tr>\n",
       "    <tr>\n",
       "      <th>...</th>\n",
       "      <td>...</td>\n",
       "      <td>...</td>\n",
       "      <td>...</td>\n",
       "      <td>...</td>\n",
       "      <td>...</td>\n",
       "      <td>...</td>\n",
       "      <td>...</td>\n",
       "      <td>...</td>\n",
       "      <td>...</td>\n",
       "      <td>...</td>\n",
       "      <td>...</td>\n",
       "      <td>...</td>\n",
       "      <td>...</td>\n",
       "      <td>...</td>\n",
       "      <td>...</td>\n",
       "      <td>...</td>\n",
       "      <td>...</td>\n",
       "      <td>...</td>\n",
       "      <td>...</td>\n",
       "      <td>...</td>\n",
       "      <td>...</td>\n",
       "    </tr>\n",
       "    <tr>\n",
       "      <th>166</th>\n",
       "      <td>3.32</td>\n",
       "      <td>10.729249</td>\n",
       "      <td>11.067490</td>\n",
       "      <td>11.407448</td>\n",
       "      <td>11.747150</td>\n",
       "      <td>12.085438</td>\n",
       "      <td>12.421573</td>\n",
       "      <td>12.755119</td>\n",
       "      <td>13.085835</td>\n",
       "      <td>13.413435</td>\n",
       "      <td>...</td>\n",
       "      <td>30.288080</td>\n",
       "      <td>30.274661</td>\n",
       "      <td>30.266944</td>\n",
       "      <td>30.256749</td>\n",
       "      <td>30.251160</td>\n",
       "      <td>30.246714</td>\n",
       "      <td>30.240671</td>\n",
       "      <td>30.239389</td>\n",
       "      <td>30.239873</td>\n",
       "      <td>30.239632</td>\n",
       "    </tr>\n",
       "    <tr>\n",
       "      <th>167</th>\n",
       "      <td>3.34</td>\n",
       "      <td>10.758489</td>\n",
       "      <td>11.097955</td>\n",
       "      <td>11.439156</td>\n",
       "      <td>11.780090</td>\n",
       "      <td>12.119522</td>\n",
       "      <td>12.456844</td>\n",
       "      <td>12.791597</td>\n",
       "      <td>13.123473</td>\n",
       "      <td>13.452144</td>\n",
       "      <td>...</td>\n",
       "      <td>30.358715</td>\n",
       "      <td>30.349174</td>\n",
       "      <td>30.336703</td>\n",
       "      <td>30.330298</td>\n",
       "      <td>30.323310</td>\n",
       "      <td>30.315395</td>\n",
       "      <td>30.314221</td>\n",
       "      <td>30.311854</td>\n",
       "      <td>30.308437</td>\n",
       "      <td>30.309322</td>\n",
       "    </tr>\n",
       "    <tr>\n",
       "      <th>168</th>\n",
       "      <td>3.36</td>\n",
       "      <td>10.787708</td>\n",
       "      <td>11.128436</td>\n",
       "      <td>11.470851</td>\n",
       "      <td>11.812974</td>\n",
       "      <td>12.153623</td>\n",
       "      <td>12.492097</td>\n",
       "      <td>12.828008</td>\n",
       "      <td>13.161028</td>\n",
       "      <td>13.490872</td>\n",
       "      <td>...</td>\n",
       "      <td>30.433247</td>\n",
       "      <td>30.418866</td>\n",
       "      <td>30.410874</td>\n",
       "      <td>30.401457</td>\n",
       "      <td>30.393590</td>\n",
       "      <td>30.389841</td>\n",
       "      <td>30.384549</td>\n",
       "      <td>30.380528</td>\n",
       "      <td>30.381669</td>\n",
       "      <td>30.382069</td>\n",
       "    </tr>\n",
       "    <tr>\n",
       "      <th>169</th>\n",
       "      <td>3.38</td>\n",
       "      <td>10.816823</td>\n",
       "      <td>11.158819</td>\n",
       "      <td>11.502464</td>\n",
       "      <td>11.845785</td>\n",
       "      <td>12.187641</td>\n",
       "      <td>12.527360</td>\n",
       "      <td>12.864407</td>\n",
       "      <td>13.198541</td>\n",
       "      <td>13.529541</td>\n",
       "      <td>...</td>\n",
       "      <td>30.503047</td>\n",
       "      <td>30.493023</td>\n",
       "      <td>30.481393</td>\n",
       "      <td>30.472766</td>\n",
       "      <td>30.466493</td>\n",
       "      <td>30.458312</td>\n",
       "      <td>30.455639</td>\n",
       "      <td>30.453958</td>\n",
       "      <td>30.451245</td>\n",
       "      <td>30.449126</td>\n",
       "    </tr>\n",
       "    <tr>\n",
       "      <th>170</th>\n",
       "      <td>3.40</td>\n",
       "      <td>10.846027</td>\n",
       "      <td>11.189235</td>\n",
       "      <td>11.534140</td>\n",
       "      <td>11.878682</td>\n",
       "      <td>12.221726</td>\n",
       "      <td>12.562587</td>\n",
       "      <td>12.900780</td>\n",
       "      <td>13.236109</td>\n",
       "      <td>13.568222</td>\n",
       "      <td>...</td>\n",
       "      <td>30.577086</td>\n",
       "      <td>30.563543</td>\n",
       "      <td>30.553483</td>\n",
       "      <td>30.544847</td>\n",
       "      <td>30.534556</td>\n",
       "      <td>30.531578</td>\n",
       "      <td>30.527054</td>\n",
       "      <td>30.521162</td>\n",
       "      <td>30.521992</td>\n",
       "      <td>30.523013</td>\n",
       "    </tr>\n",
       "  </tbody>\n",
       "</table>\n",
       "<p>171 rows × 142 columns</p>\n",
       "</div>"
      ],
      "text/plain": [
       "     Unnamed: 0        0.1      0.105       0.11      0.115       0.12  \\\n",
       "0          0.00   5.483841   5.620088   5.754797   5.887965   6.019552   \n",
       "1          0.02   5.522428   5.659564   5.795239   5.929353   6.061845   \n",
       "2          0.04   5.561438   5.699867   5.836744   5.972029   6.105798   \n",
       "3          0.06   5.600449   5.740066   5.878140   6.014735   6.149704   \n",
       "4          0.08   5.639394   5.780198   5.919546   6.057346   6.193527   \n",
       "..          ...        ...        ...        ...        ...        ...   \n",
       "166        3.32  10.729249  11.067490  11.407448  11.747150  12.085438   \n",
       "167        3.34  10.758489  11.097955  11.439156  11.780090  12.119522   \n",
       "168        3.36  10.787708  11.128436  11.470851  11.812974  12.153623   \n",
       "169        3.38  10.816823  11.158819  11.502464  11.845785  12.187641   \n",
       "170        3.40  10.846027  11.189235  11.534140  11.878682  12.221726   \n",
       "\n",
       "         0.125       0.13      0.135       0.14  ...      0.755       0.76  \\\n",
       "0     6.149506   6.277801   6.404412   6.529308  ...  13.262010  13.267157   \n",
       "1     6.192695   6.321902   6.449436   6.575278  ...  13.372224  13.377514   \n",
       "2     6.237915   6.368355   6.497091   6.624122  ...  13.514241  13.520198   \n",
       "3     6.283029   6.414708   6.544686   6.672951  ...  13.655917  13.662001   \n",
       "4     6.328074   6.460962   6.592162   6.721661  ...  13.797211  13.803655   \n",
       "..         ...        ...        ...        ...  ...        ...        ...   \n",
       "166  12.421573  12.755119  13.085835  13.413435  ...  30.288080  30.274661   \n",
       "167  12.456844  12.791597  13.123473  13.452144  ...  30.358715  30.349174   \n",
       "168  12.492097  12.828008  13.161028  13.490872  ...  30.433247  30.418866   \n",
       "169  12.527360  12.864407  13.198541  13.529541  ...  30.503047  30.493023   \n",
       "170  12.562587  12.900780  13.236109  13.568222  ...  30.577086  30.563543   \n",
       "\n",
       "         0.765       0.77      0.775       0.78      0.785       0.79  \\\n",
       "0    13.271315  13.274428  13.276461  13.277527  13.278110  13.278222   \n",
       "1    13.381816  13.385088  13.387799  13.389760  13.390536  13.390683   \n",
       "2    13.525213  13.529188  13.532136  13.534155  13.535727  13.536183   \n",
       "3    13.667608  13.672281  13.675949  13.678559  13.680005  13.680955   \n",
       "4    13.809113  13.814464  13.818779  13.822103  13.824298  13.825372   \n",
       "..         ...        ...        ...        ...        ...        ...   \n",
       "166  30.266944  30.256749  30.251160  30.246714  30.240671  30.239389   \n",
       "167  30.336703  30.330298  30.323310  30.315395  30.314221  30.311854   \n",
       "168  30.410874  30.401457  30.393590  30.389841  30.384549  30.380528   \n",
       "169  30.481393  30.472766  30.466493  30.458312  30.455639  30.453958   \n",
       "170  30.553483  30.544847  30.534556  30.531578  30.527054  30.521162   \n",
       "\n",
       "         0.795        0.8  \n",
       "0    13.278265  13.278306  \n",
       "1    13.390774  13.390805  \n",
       "2    13.536303  13.536350  \n",
       "3    13.681199  13.681293  \n",
       "4    13.825602  13.825671  \n",
       "..         ...        ...  \n",
       "166  30.239873  30.239632  \n",
       "167  30.308437  30.309322  \n",
       "168  30.381669  30.382069  \n",
       "169  30.451245  30.449126  \n",
       "170  30.521992  30.523013  \n",
       "\n",
       "[171 rows x 142 columns]"
      ]
     },
     "execution_count": 10,
     "metadata": {},
     "output_type": "execute_result"
    }
   ],
   "source": [
    "Max_data"
   ]
  },
  {
   "cell_type": "code",
   "execution_count": 12,
   "id": "e413dff6-0545-4af0-94dd-e58e2b3da586",
   "metadata": {},
   "outputs": [
    {
     "data": {
      "text/html": [
       "<div>\n",
       "<style scoped>\n",
       "    .dataframe tbody tr th:only-of-type {\n",
       "        vertical-align: middle;\n",
       "    }\n",
       "\n",
       "    .dataframe tbody tr th {\n",
       "        vertical-align: top;\n",
       "    }\n",
       "\n",
       "    .dataframe thead th {\n",
       "        text-align: right;\n",
       "    }\n",
       "</style>\n",
       "<table border=\"1\" class=\"dataframe\">\n",
       "  <thead>\n",
       "    <tr style=\"text-align: right;\">\n",
       "      <th></th>\n",
       "      <th>Unnamed: 0</th>\n",
       "      <th>0.1</th>\n",
       "      <th>0.105</th>\n",
       "      <th>0.11</th>\n",
       "      <th>0.115</th>\n",
       "      <th>0.12</th>\n",
       "      <th>0.125</th>\n",
       "      <th>0.13</th>\n",
       "      <th>0.135</th>\n",
       "      <th>0.14</th>\n",
       "      <th>...</th>\n",
       "      <th>0.755</th>\n",
       "      <th>0.76</th>\n",
       "      <th>0.765</th>\n",
       "      <th>0.77</th>\n",
       "      <th>0.775</th>\n",
       "      <th>0.78</th>\n",
       "      <th>0.785</th>\n",
       "      <th>0.79</th>\n",
       "      <th>0.795</th>\n",
       "      <th>0.8</th>\n",
       "    </tr>\n",
       "  </thead>\n",
       "  <tbody>\n",
       "    <tr>\n",
       "      <th>170</th>\n",
       "      <td>3.40</td>\n",
       "      <td>10.846027</td>\n",
       "      <td>11.189235</td>\n",
       "      <td>11.534140</td>\n",
       "      <td>11.878682</td>\n",
       "      <td>12.221726</td>\n",
       "      <td>12.562587</td>\n",
       "      <td>12.900780</td>\n",
       "      <td>13.236109</td>\n",
       "      <td>13.568222</td>\n",
       "      <td>...</td>\n",
       "      <td>30.577086</td>\n",
       "      <td>30.563543</td>\n",
       "      <td>30.553483</td>\n",
       "      <td>30.544847</td>\n",
       "      <td>30.534556</td>\n",
       "      <td>30.531578</td>\n",
       "      <td>30.527054</td>\n",
       "      <td>30.521162</td>\n",
       "      <td>30.521992</td>\n",
       "      <td>30.523013</td>\n",
       "    </tr>\n",
       "    <tr>\n",
       "      <th>169</th>\n",
       "      <td>3.38</td>\n",
       "      <td>10.816823</td>\n",
       "      <td>11.158819</td>\n",
       "      <td>11.502464</td>\n",
       "      <td>11.845785</td>\n",
       "      <td>12.187641</td>\n",
       "      <td>12.527360</td>\n",
       "      <td>12.864407</td>\n",
       "      <td>13.198541</td>\n",
       "      <td>13.529541</td>\n",
       "      <td>...</td>\n",
       "      <td>30.503047</td>\n",
       "      <td>30.493023</td>\n",
       "      <td>30.481393</td>\n",
       "      <td>30.472766</td>\n",
       "      <td>30.466493</td>\n",
       "      <td>30.458312</td>\n",
       "      <td>30.455639</td>\n",
       "      <td>30.453958</td>\n",
       "      <td>30.451245</td>\n",
       "      <td>30.449126</td>\n",
       "    </tr>\n",
       "    <tr>\n",
       "      <th>168</th>\n",
       "      <td>3.36</td>\n",
       "      <td>10.787708</td>\n",
       "      <td>11.128436</td>\n",
       "      <td>11.470851</td>\n",
       "      <td>11.812974</td>\n",
       "      <td>12.153623</td>\n",
       "      <td>12.492097</td>\n",
       "      <td>12.828008</td>\n",
       "      <td>13.161028</td>\n",
       "      <td>13.490872</td>\n",
       "      <td>...</td>\n",
       "      <td>30.433247</td>\n",
       "      <td>30.418866</td>\n",
       "      <td>30.410874</td>\n",
       "      <td>30.401457</td>\n",
       "      <td>30.393590</td>\n",
       "      <td>30.389841</td>\n",
       "      <td>30.384549</td>\n",
       "      <td>30.380528</td>\n",
       "      <td>30.381669</td>\n",
       "      <td>30.382069</td>\n",
       "    </tr>\n",
       "    <tr>\n",
       "      <th>167</th>\n",
       "      <td>3.34</td>\n",
       "      <td>10.758489</td>\n",
       "      <td>11.097955</td>\n",
       "      <td>11.439156</td>\n",
       "      <td>11.780090</td>\n",
       "      <td>12.119522</td>\n",
       "      <td>12.456844</td>\n",
       "      <td>12.791597</td>\n",
       "      <td>13.123473</td>\n",
       "      <td>13.452144</td>\n",
       "      <td>...</td>\n",
       "      <td>30.358715</td>\n",
       "      <td>30.349174</td>\n",
       "      <td>30.336703</td>\n",
       "      <td>30.330298</td>\n",
       "      <td>30.323310</td>\n",
       "      <td>30.315395</td>\n",
       "      <td>30.314221</td>\n",
       "      <td>30.311854</td>\n",
       "      <td>30.308437</td>\n",
       "      <td>30.309322</td>\n",
       "    </tr>\n",
       "    <tr>\n",
       "      <th>166</th>\n",
       "      <td>3.32</td>\n",
       "      <td>10.729249</td>\n",
       "      <td>11.067490</td>\n",
       "      <td>11.407448</td>\n",
       "      <td>11.747150</td>\n",
       "      <td>12.085438</td>\n",
       "      <td>12.421573</td>\n",
       "      <td>12.755119</td>\n",
       "      <td>13.085835</td>\n",
       "      <td>13.413435</td>\n",
       "      <td>...</td>\n",
       "      <td>30.288080</td>\n",
       "      <td>30.274661</td>\n",
       "      <td>30.266944</td>\n",
       "      <td>30.256749</td>\n",
       "      <td>30.251160</td>\n",
       "      <td>30.246714</td>\n",
       "      <td>30.240671</td>\n",
       "      <td>30.239389</td>\n",
       "      <td>30.239873</td>\n",
       "      <td>30.239632</td>\n",
       "    </tr>\n",
       "    <tr>\n",
       "      <th>...</th>\n",
       "      <td>...</td>\n",
       "      <td>...</td>\n",
       "      <td>...</td>\n",
       "      <td>...</td>\n",
       "      <td>...</td>\n",
       "      <td>...</td>\n",
       "      <td>...</td>\n",
       "      <td>...</td>\n",
       "      <td>...</td>\n",
       "      <td>...</td>\n",
       "      <td>...</td>\n",
       "      <td>...</td>\n",
       "      <td>...</td>\n",
       "      <td>...</td>\n",
       "      <td>...</td>\n",
       "      <td>...</td>\n",
       "      <td>...</td>\n",
       "      <td>...</td>\n",
       "      <td>...</td>\n",
       "      <td>...</td>\n",
       "      <td>...</td>\n",
       "    </tr>\n",
       "    <tr>\n",
       "      <th>4</th>\n",
       "      <td>0.08</td>\n",
       "      <td>5.639394</td>\n",
       "      <td>5.780198</td>\n",
       "      <td>5.919546</td>\n",
       "      <td>6.057346</td>\n",
       "      <td>6.193527</td>\n",
       "      <td>6.328074</td>\n",
       "      <td>6.460962</td>\n",
       "      <td>6.592162</td>\n",
       "      <td>6.721661</td>\n",
       "      <td>...</td>\n",
       "      <td>13.797211</td>\n",
       "      <td>13.803655</td>\n",
       "      <td>13.809113</td>\n",
       "      <td>13.814464</td>\n",
       "      <td>13.818779</td>\n",
       "      <td>13.822103</td>\n",
       "      <td>13.824298</td>\n",
       "      <td>13.825372</td>\n",
       "      <td>13.825602</td>\n",
       "      <td>13.825671</td>\n",
       "    </tr>\n",
       "    <tr>\n",
       "      <th>3</th>\n",
       "      <td>0.06</td>\n",
       "      <td>5.600449</td>\n",
       "      <td>5.740066</td>\n",
       "      <td>5.878140</td>\n",
       "      <td>6.014735</td>\n",
       "      <td>6.149704</td>\n",
       "      <td>6.283029</td>\n",
       "      <td>6.414708</td>\n",
       "      <td>6.544686</td>\n",
       "      <td>6.672951</td>\n",
       "      <td>...</td>\n",
       "      <td>13.655917</td>\n",
       "      <td>13.662001</td>\n",
       "      <td>13.667608</td>\n",
       "      <td>13.672281</td>\n",
       "      <td>13.675949</td>\n",
       "      <td>13.678559</td>\n",
       "      <td>13.680005</td>\n",
       "      <td>13.680955</td>\n",
       "      <td>13.681199</td>\n",
       "      <td>13.681293</td>\n",
       "    </tr>\n",
       "    <tr>\n",
       "      <th>2</th>\n",
       "      <td>0.04</td>\n",
       "      <td>5.561438</td>\n",
       "      <td>5.699867</td>\n",
       "      <td>5.836744</td>\n",
       "      <td>5.972029</td>\n",
       "      <td>6.105798</td>\n",
       "      <td>6.237915</td>\n",
       "      <td>6.368355</td>\n",
       "      <td>6.497091</td>\n",
       "      <td>6.624122</td>\n",
       "      <td>...</td>\n",
       "      <td>13.514241</td>\n",
       "      <td>13.520198</td>\n",
       "      <td>13.525213</td>\n",
       "      <td>13.529188</td>\n",
       "      <td>13.532136</td>\n",
       "      <td>13.534155</td>\n",
       "      <td>13.535727</td>\n",
       "      <td>13.536183</td>\n",
       "      <td>13.536303</td>\n",
       "      <td>13.536350</td>\n",
       "    </tr>\n",
       "    <tr>\n",
       "      <th>1</th>\n",
       "      <td>0.02</td>\n",
       "      <td>5.522428</td>\n",
       "      <td>5.659564</td>\n",
       "      <td>5.795239</td>\n",
       "      <td>5.929353</td>\n",
       "      <td>6.061845</td>\n",
       "      <td>6.192695</td>\n",
       "      <td>6.321902</td>\n",
       "      <td>6.449436</td>\n",
       "      <td>6.575278</td>\n",
       "      <td>...</td>\n",
       "      <td>13.372224</td>\n",
       "      <td>13.377514</td>\n",
       "      <td>13.381816</td>\n",
       "      <td>13.385088</td>\n",
       "      <td>13.387799</td>\n",
       "      <td>13.389760</td>\n",
       "      <td>13.390536</td>\n",
       "      <td>13.390683</td>\n",
       "      <td>13.390774</td>\n",
       "      <td>13.390805</td>\n",
       "    </tr>\n",
       "    <tr>\n",
       "      <th>0</th>\n",
       "      <td>0.00</td>\n",
       "      <td>5.483841</td>\n",
       "      <td>5.620088</td>\n",
       "      <td>5.754797</td>\n",
       "      <td>5.887965</td>\n",
       "      <td>6.019552</td>\n",
       "      <td>6.149506</td>\n",
       "      <td>6.277801</td>\n",
       "      <td>6.404412</td>\n",
       "      <td>6.529308</td>\n",
       "      <td>...</td>\n",
       "      <td>13.262010</td>\n",
       "      <td>13.267157</td>\n",
       "      <td>13.271315</td>\n",
       "      <td>13.274428</td>\n",
       "      <td>13.276461</td>\n",
       "      <td>13.277527</td>\n",
       "      <td>13.278110</td>\n",
       "      <td>13.278222</td>\n",
       "      <td>13.278265</td>\n",
       "      <td>13.278306</td>\n",
       "    </tr>\n",
       "  </tbody>\n",
       "</table>\n",
       "<p>171 rows × 142 columns</p>\n",
       "</div>"
      ],
      "text/plain": [
       "     Unnamed: 0        0.1      0.105       0.11      0.115       0.12  \\\n",
       "170        3.40  10.846027  11.189235  11.534140  11.878682  12.221726   \n",
       "169        3.38  10.816823  11.158819  11.502464  11.845785  12.187641   \n",
       "168        3.36  10.787708  11.128436  11.470851  11.812974  12.153623   \n",
       "167        3.34  10.758489  11.097955  11.439156  11.780090  12.119522   \n",
       "166        3.32  10.729249  11.067490  11.407448  11.747150  12.085438   \n",
       "..          ...        ...        ...        ...        ...        ...   \n",
       "4          0.08   5.639394   5.780198   5.919546   6.057346   6.193527   \n",
       "3          0.06   5.600449   5.740066   5.878140   6.014735   6.149704   \n",
       "2          0.04   5.561438   5.699867   5.836744   5.972029   6.105798   \n",
       "1          0.02   5.522428   5.659564   5.795239   5.929353   6.061845   \n",
       "0          0.00   5.483841   5.620088   5.754797   5.887965   6.019552   \n",
       "\n",
       "         0.125       0.13      0.135       0.14  ...      0.755       0.76  \\\n",
       "170  12.562587  12.900780  13.236109  13.568222  ...  30.577086  30.563543   \n",
       "169  12.527360  12.864407  13.198541  13.529541  ...  30.503047  30.493023   \n",
       "168  12.492097  12.828008  13.161028  13.490872  ...  30.433247  30.418866   \n",
       "167  12.456844  12.791597  13.123473  13.452144  ...  30.358715  30.349174   \n",
       "166  12.421573  12.755119  13.085835  13.413435  ...  30.288080  30.274661   \n",
       "..         ...        ...        ...        ...  ...        ...        ...   \n",
       "4     6.328074   6.460962   6.592162   6.721661  ...  13.797211  13.803655   \n",
       "3     6.283029   6.414708   6.544686   6.672951  ...  13.655917  13.662001   \n",
       "2     6.237915   6.368355   6.497091   6.624122  ...  13.514241  13.520198   \n",
       "1     6.192695   6.321902   6.449436   6.575278  ...  13.372224  13.377514   \n",
       "0     6.149506   6.277801   6.404412   6.529308  ...  13.262010  13.267157   \n",
       "\n",
       "         0.765       0.77      0.775       0.78      0.785       0.79  \\\n",
       "170  30.553483  30.544847  30.534556  30.531578  30.527054  30.521162   \n",
       "169  30.481393  30.472766  30.466493  30.458312  30.455639  30.453958   \n",
       "168  30.410874  30.401457  30.393590  30.389841  30.384549  30.380528   \n",
       "167  30.336703  30.330298  30.323310  30.315395  30.314221  30.311854   \n",
       "166  30.266944  30.256749  30.251160  30.246714  30.240671  30.239389   \n",
       "..         ...        ...        ...        ...        ...        ...   \n",
       "4    13.809113  13.814464  13.818779  13.822103  13.824298  13.825372   \n",
       "3    13.667608  13.672281  13.675949  13.678559  13.680005  13.680955   \n",
       "2    13.525213  13.529188  13.532136  13.534155  13.535727  13.536183   \n",
       "1    13.381816  13.385088  13.387799  13.389760  13.390536  13.390683   \n",
       "0    13.271315  13.274428  13.276461  13.277527  13.278110  13.278222   \n",
       "\n",
       "         0.795        0.8  \n",
       "170  30.521992  30.523013  \n",
       "169  30.451245  30.449126  \n",
       "168  30.381669  30.382069  \n",
       "167  30.308437  30.309322  \n",
       "166  30.239873  30.239632  \n",
       "..         ...        ...  \n",
       "4    13.825602  13.825671  \n",
       "3    13.681199  13.681293  \n",
       "2    13.536303  13.536350  \n",
       "1    13.390774  13.390805  \n",
       "0    13.278265  13.278306  \n",
       "\n",
       "[171 rows x 142 columns]"
      ]
     },
     "execution_count": 12,
     "metadata": {},
     "output_type": "execute_result"
    }
   ],
   "source": [
    "Max_data=Max_data.sort_values(by='Unnamed: 0', ascending=False)\n",
    "Max_data"
   ]
  },
  {
   "cell_type": "code",
   "execution_count": 14,
   "id": "20c2a428-9e12-48c3-9f11-59cded41afde",
   "metadata": {},
   "outputs": [],
   "source": [
    "Temp = np.array(np.array(Max_data['Unnamed: 0']))\n",
    "Pin = [float(Max_data.columns[i]) for i in range(1,Max_data.shape[1],1)]\n",
    "Max_matrix = Max_data[Max_data.columns[1:]]"
   ]
  },
  {
   "cell_type": "code",
   "execution_count": 18,
   "id": "9a675add-e410-4f45-a4a6-77639d7d8d71",
   "metadata": {},
   "outputs": [
    {
     "data": {
